0.0907266194286341
-0.19899913824987858
0.03972392869245364
-0.10987647676999236
-0.005114144239780277
0.07466934529114776
-0.07576213878812295
0.21997500043961232
-0.006513835421082842
0.0555016413385558
-0.13701579110627948
0.042538350004345186
-0.049274938573272524
0.1716238648245409
-0.09013937842903505
0.15790657605623223
0.1825122675795027
0.01583324292258685
-0.05577446290622196
0.047922750681240155
0.21337588361487464
0.20828777220076342
-0.15711327529661964
0.22622529284600826
-0.11139881272953285
-0.20384729559935266
-0.03337880377305242
0.2413857449882598
0.1689319431958598
0.19289978276274447
-0.07067872679533975
0.18005997649764113
-0.23863219222397236
0.17136782539568363
0.1590866741890681
0.14721457333267163
0.05757061757620049
-0.05846236849394234
-0.2691394422783049
0.010275041924879123
0.24530469851698586
-0.1078288529269681
0.0631947202289065
0.22726381136642143
-0.1363734211697112
0.1395143267431937
-0.23608241408191205
0.17021742317499344
0.23806957003722537
0.15585397846180077
-0.19809004553837728
-0.10095543492855816
0.2323025329023679
0.16659590292126755
-0.04706929823313412
0.19038002853457994
-0.19724631911743365
0.2354657223162539
-0.14096130713847269
-0.06104814059735456
-0.04217295344295456
-0.2215430997410217
0.02885372147927871
-0.2067617725458187
0.016339095475845854
0.26968984673128676
-0.08361342623148778
-0.11948846287984452
-0.037828833666815345
-0.2456035847772447
-0.1042526737552218
0.005702456038744629
-0.22218775664888316
0.17863978527023222
-0.07402789960448392
0.23450770271005536
0.1862096073946452
0.05681966671802113
0.028509908622129435
0.07528265125949478
-0.12736116690872054
-0.06779462679649927
0.26023883704651657
-0.09259617367412779
-0.06861793808482228
0.0833820263757015
0.05132741621033458
0.1674857082755652
0.12155750943435055
-0.2502073910273529
-0.11657317985975121
-0.17269049981348797
0.07058785798249298
-0.1000265366646634
0.23813046551169886
0.039029624936067646
0.014637464741366648
-0.11048206977763748
0.021217536309800927
0.14692363312932794
0.13031244380750245
0.2550291408380452
0.036005877547406834
0.21030067304963354
-0.005396295703306849
0.22141592969770918
-0.07680741106240861
0.0709077172650939
-0.07055101704795338
-0.17503901795857327
-0.20481171827354536
-0.1096851871729806
0.18359552608914678
0.0869137805615099
-0.2642081001488471
0.09413149016097985
0.24129261877956512
-0.06526746276546048
0.07236000614067607
-0.0963520834340787
-0.031408722276169296
-0.027048973694063363
0.21442360956458487
0.15221377218300022
0.2696513896700215
0.09343635950247577
-0.1265715360795015
0.2327591372431938
-0.03205678018379445
0.17582743595956984
-0.07335252739939378
-0.2270413782700405
-0.048903803088792414
-0.2370522612414306
0.03663314980134098
0.25078277473314553
-0.067567438735397
-0.2612103569734477
-4.730130955057167E-05
0.12801727777081134
0.0019100788930742573
-0.02985331863683813
0.13664835223623384
0.21998599141809855
0.1841304091544273
-0.2473858903666304
0.009752101504268472
0.01037744287528079
0.03225731380746931
0.10861199211027917
-0.13175655385344068
-0.08019258237784957
-0.07267303262623652
0.042178389714384826
-0.2734223130780755
-0.06536298265661726
0.05842718633208305
0.09332545939609603
0.19899777941244715
0.0334505913197977
-0.014567148420325344
0.18530833567097138
0.019125925864989686
-0.12293079062460766
-0.24994115824450064
0.23026240563285477
0.17854795980395843
-0.11021899018204401
-0.1238969740359829
-0.1300038988506533
-0.0232832194140648
-0.23429066793691036
-0.034888907589744535
0.08250161091512519
-0.12007514607425293
0.12214629909355121
0.12300323233858676
-0.23556596184426676
0.09946024954041742
-0.038022890131011705
0.19647795585166836
-0.2717522680604075
0.2295135244946794
-0.18735589400890687
0.17837334237931635
-0.12199247964708172
-0.1857774630378321
-0.22927383170806798
-0.10194203911921863
-0.1727998211272461
-0.10056883976284355
0.23857961493508162
0.2144406906077823
0.020617707634491896
0.025279069840462916
0.09633631823023182
-0.09386517725679033
-0.2598221721121497
0.10284244007412886
-0.24879331496075618
0.1686470693538276
0.14034808649162725
0.00043579605621265667
0.1768269814673109
-0.18117264085569237
0.045816521973339325
-0.23478792157714795
0.24567855573268546
0.25229261295814864
0.22998256633100897
0.11053016991010259
-0.09462586593217308
0.2222909661942262
0.24266253956249387
-0.1229909956330285
-0.0793438507040428
-0.1635271984386665
0.153888071552671
-0.028023150092300088
0.22708123664714483
-0.2611558742176477
-0.1365364691766689
0.07061010432739878
0.09364374812680813
0.20113402453070126
-0.05635626911190578
0.011419032018666786
-0.27044706185012796
0.13947912399770532
0.12885914398254256
-0.06380425550115254
-0.04413369683571951
0.15029945324353988
-0.032183861530420056
-0.07926307257321032
-0.020443022631494504
-0.06782488790285089
0.01911661501414238
-0.25694742635387036
-0.19695385472100518
-0.1026541329169092
-0.043153421805359554
-0.2435507706020578
0.2654325165193869
-0.05788715725531331
0.16236107854827797
0.07989672778477279
0.1796947913991207
-0.18123033011050638
-0.16871563719760393
-0.2497571828953251
0.020476808406048215
0.07646991526141463
0.13031733009576035
0.027328401766704067
-0.03144084387997665
0.18020568981720597
0.2083180932266475
0.15276326070228066
0.07298283347961645
0.010493632914295082
0.06141147337723363
0.1489228598546501
0.21347131851854956
-0.04678095285078269
0.07749475402432017
-0.10172007810302366
-0.1763028938573043
0.11808881686130572
-0.014352526687054444
-0.22523760414826527
-0.0003039408062146023
0.051993754355939836
0.0075254310493038734
0.03300043992869093
-0.06507263919655018
-0.01766405555527243
0.13951658575234838
0.2691722017499129
0.24327142593916162
-0.09641831372541751
0.19505080474410671
0.09579367647122487
-0.26300200416671216
0.20085290230456687
-0.21754229260428198
-0.20219610785416325
-0.07494147312613855
-0.17721163367335802
-0.25558552376911614
-0.010904443657387582
0.10760017215720113
-0.04573694686535093
-0.11208866289462921
-0.06991131566542497
0.16622011755813945
0.1335899428996474
0.16243303727469047
0.13081583262070684
-0.16753895599826713
0.06038693268634078
0.07011243500345121
0.2576403791777157
-0.002516918620019234
0.21952292108417412
-0.10738223141007268
0.11670958425638422
0.0757701585857423
-0.0895286865120584
-0.11726988675230071
0.01148644783705792
0.1612598536799412
-0.12751329137506195
0.21341847843425787
-0.24467792243394076
0.14926168695499573
-0.1782657366662869
-0.0010650040120080396
-0.015860118318685952
0.06942924019821894
-0.1590492015041568
-0.02053523425625782
-0.20110748291045133
-0.2632766476619213
0.1609858173924826
-0.20867295056718108
-0.1337987911793424
0.02878998075556974
0.23413376096456254
0.25475772825053816
-0.08061816867789354
0.02798406251872033
0.13351500110106157
-0.02616351704162003
0.09194374691664563
0.05861512283894408
-0.13095302472318615
0.21284183657682104
-0.03244546265295903
-0.11426677488287018
-0.04308069340167354
-0.11030148357946937
0.11110993403963812
0.1994845119221988
-0.02995858570689295
-0.23109540793688213
-0.26650024713800996
0.21348032578608592
-0.2151711062538122
-0.1695406167860775
0.05540946293030512
-0.2187599636692021
-0.2378293873677983
0.15239042636247233
0.10506303299448819
-0.20757597372191164
-0.16968626084005262
-0.2289847284266979
-0.033004154105312995
0.03181637197560714
-0.08532069723730937
0.2523378437807838
-0.06172698266780832
-0.258479755577662
0.03823323363782968
-0.15488570772356586
0.1303212708483739
-0.0869072883956119
-0.035459203079735414
0.0831890679205481
-0.13888661722820606
0.016713360638474707
-0.2659434867673385
-0.12942811007658195
-0.10319036057919623
0.032160907344631694
0.05735311654065385
-0.10680710910044948
-0.04049538769865018
-0.013664523844354156
0.060432989778275624
-0.23984796588197344
-0.15842408167217134
0.1439659067483657
0.21401487381886053
-0.2181607279266231
-0.12293397299442343
-0.20102360676887746
0.1668055019568857
0.03168428680281759
-0.26913622458428393
-0.22421109619293025
-0.052644753795683875
0.06845369944451868
0.20885913239366122
-0.07811737999784736
0.2129441233852623
-0.12386442389103265
0.1844575991481386
-0.20559279216170082
-0.14619499805528563
-0.06347972083361068
0.22922752322054007
-0.27317017489000006
-0.029857400510471668
-0.20640999615433342
0.18884456227583743
0.048752993244299415
-0.24829444036334797
-0.0598649618557373
-0.09018480306340716
-0.08029593268489078
-0.11334695858943838
0.26165642818733637
0.16134068138416224
-0.03238102413287867
-0.11735942733896938
-0.039609346448274456
-0.09456012589439788
-0.23681419919707636
-0.24537638465628853
0.07444157686266982
0.09229923482184048
0.18281774849762725
-0.10855236198869775
-0.18470093899598602
-0.06418495379449267
-0.10985306425752302
-0.18860837424842364
0.2665786229696636
0.20184815279299126
0.06487285837810934
0.16778074882483662
0.16646815928283337
0.012139688046131452
0.005618718579977052
0.20190370721172082
-0.11218953408428554
-0.21672369397671695
0.20136777422846208
-0.005563595409857407
0.13720761518808974
-0.028338273766708458
0.0884069444094298
0.1843578388958684
0.2528368940614513
0.2188968646068005
0.15163455253868152
0.21832796280241168
-0.11968420124123558
0.20842881218325401
0.04218113332416672
-0.03349198400403788
-0.2555045431351094
-0.13861494763967738
-0.19353437384417937
0.08334422655241161
0.1950139806510751
-0.06945952768317694
-0.20945847178380542
-0.11100612625112864
0.11844527484605236
0.08536315919533162
0.18215967170181457
0.17827391584861466
-0.002104628901204535
0.10313651138516389
0.16170556521896978
0.022145805520074238
-0.08435731855049158
-0.21078679662574284
-0.0807110550945976
0.10096982348473241
-0.1629966998812978
0.09844336397395027
0.103714766503615
-0.14083826334450497
0.09604576868162598
0.15171891750244876
-0.271132786427412
-0.05268701423982842
0.11850222510383464
-0.07112898675891827
-0.05587188710674514
0.016438384966548654
-0.2415358006448492
0.03525347856586566
-0.12152645334369726
-0.134445583587739
-0.08244227571959038
-0.246085680228444
0.06765097309313571
0.05434708830803828
-0.20732812308925053
-0.15762860363114184
-0.07847070157462482
0.19872935846489165
-0.237215403734792
-0.1099392937537237
0.13059767634327857
-0.17865633197930017
-0.09096865835688478
-0.2522101901025258
-0.24366123171517345
-0.07728967971365433
0.012004568169935032
-0.06463560863113715
0.19592815244456802
0.12692925614446554
0.041263300646279505
-0.04283867707596069
-0.012588458873017228
0.2448804241442576
-0.22758693962368506
0.031221288429624624
0.15425610639723009
-0.05832446199760398
0.24796480667633022
0.13507944026209226
-0.11754700450866788
0.11198988569979419
-0.0006250622514899467
0.1982502453639349
0.26486699730360175
0.05409496678692249
-0.2080593995019635
0.15009594792550132
0.25946911106257814
-0.23159940808017979
0.09205735791981996
-0.006913307477894561
-0.10601898867286498
0.2309898831219657
-0.25022950159889895
-0.10977799602796649
0.2133711622357742
-0.12061749520660003
0.2137751918448103
0.0007348248906192457
0.1737003666613995
0.1258589608186323
-0.12072811525223293
0.25603632609043725
-0.1706368566645679
0.032196021056133485
0.2667668380240495
0.003662388463739627
0.1441857285166594
0.25624715721158814
-0.21151221915984572
0.21914948484315222
-0.1702482262854984
-0.020811236521640554
0.2512619631867496
0.10495315098002286
0.06395453793575118
0.03337716811871666
0.006167319397414278
0.12556800856206884
0.12230898966301963
-0.03707223315141839
-0.23607610551250113
-0.07841931811185923
-0.010672226883637167
0.251541430413859
-0.14323809759452366
-0.10887174229606723
0.20760373898163764
-0.039289546458531666
0.2186199743691342
-0.015347999171234469
0.19566057857093147
0.04957999630861945
0.08630299657266934
0.19596839166277932
0.04627879913327036
0.17106630574143314
-0.09018543057015259
-0.04561293957796753
-0.14293529522798254
-0.004609322094479238
0.1597721571379046
-0.2268058541714767
-0.24434229908216473
-0.09944956649397273
0.06911441260474477
0.1815339528236493
-0.20619493173917036
-0.07628969403033749
-0.2669741435143811
-0.10269030775448158
0.19703291516292631
0.17898727581721235
0.1626027251846567
-0.05421963491360676
0.10653481035482334
-0.040361168411315436
-0.2614886016796054
0.16248683075941345
-0.21718907256229034
-0.003475306758099023
0.23493661912870764
-0.05772356073002747
0.014279585126408603
-0.042627293381492584
-0.1669260044744104
-0.12226084390157875
-0.18889854203930492
-0.1934974075772134
0.16078982440796258
0.21304650020705823
0.22976086089343437
0.25371039368579884
0.1984552332046786
-0.019414777668947072
-0.27279345788404147
0.019198294804241716
-0.26060835483883055
-0.1763534391683749
-0.07335300905043139
0.11273567112839554
-0.03200152527375323
0.0034315867515853373
0.2545365849112235
0.1399277826912337
-0.19558057323391748
-0.18284317863371063
-0.12459100720162557
0.14378292086455693
0.07856246386041767
0.1420895752132901
0.039518561360579595
0.2556715200315583
-0.17824454344438093
-0.05424063546357397
-0.04195367984807045
-0.25656460868313563
0.12473987673094648
0.16997165769710926
0.06975737474659537
0.19293692671444684
0.2222644026517424
0.10183049340761965
0.15819027241509948
0.01789649095584643
0.11134723506487709
0.0614331192659012
-0.20811571892971667
0.06730903923728636
0.27007840868095856
-0.26386676683496224
-0.18762168971317564
0.04255362178691643
-0.076080460593071
0.2507202358283395
-0.21100095777620895
0.18991346303013118
0.12627655049644793
-0.2379123965600476
-0.011378508350002267
0.03240351317389719
-0.044410064765765096
0.11814316457052497
0.06853157108476225
-0.09461662034710037
-0.05771205309687035
0.05455702577300914
0.23264468159535015
0.029488818233991465
0.13942521381585077
-0.24518264378321247
-0.18363866244284896
-0.2353330998334841
-0.12679912794718018
0.07321256713087607
0.06366627159818901
-0.20674690911961216
0.2230970178186014
0.09711035334817808
0.18795541808695201
-0.20412159945642167
-0.23911246293145585
-0.2278359795012054
0.030378184783659105
0.03157897382208655
0.0662269865871757
0.233049381800042
-0.015578693218565535
-0.0592523694813402
-0.20533728081960986
0.15811980128821257
-0.15161389625875313
0.06279041654288692
-0.2561870584768769
-0.1791251563337994
-0.03621648702601785
0.0012019525616408237
0.09142824189058914
-0.1636666202051833
-0.2100072575119323
0.26098846680637977
-0.06851864468299597
0.23836157354845922
-0.08306259858033335
0.0507247304640831
0.20635447826413827
-0.023249538034488093
-0.2128476678136392
0.17429215298977904
0.17076020777500903
-0.15904630367289674
-0.07093906517692951
0.12116190046034507
-0.16956184309021874
-0.15766997466992963
0.17610253116244598
0.23532941048097705
0.07790946252730434
-0.0981104584412286
0.2455395925699154
-0.001790035512352523
0.17314824487283606
0.24833824646002226
0.21161225735729497
-0.06964979476187887
-0.2294915246468728
0.06499579933366843
-0.23349404094085574
0.026186601808826353
0.20439254274890015
0.22051943660832882
-0.04703008761844357
-0.036731847039556835
-0.04468031861098361
0.13935275434555702
-0.06679451030752012
-0.05942160703470692
-0.024252133168547328
0.0969735164449995
-0.06530936906402701
-0.05418160725959035
0.12946952779389764
-0.032790629208985275
0.05520275935452074
-0.0008368881408304514
-0.04993498466100025
-0.06459168452263622
0.010812296792485783
-0.010252636860962424
-0.03816152242058495
-0.044384357472975776
-0.026924638459284965
-0.06542013725863743
-0.0657676986187026
0.003372375311997538
-0.06262855167271088
